52.42795009148479	-1.8365926237367929	26.524767826000545
43.45225001011483	-2.258514875215434	20.58624937844141
22.843504048798177	4.84241190306329	18.376218387196868
-7.45340354770084	17.721991070819403	22.7660099513771
35.725551060447536	12.196381930299163	19.900004418022768
67.21359773822711	5.2730438086039495	8.318920204913754
77.36252446326375	10.263512433520301	8.338844373142834
63.10325221581996	9.162279713038725	19.234579707756936
42.626854455278156	7.804056130319652	28.78081341639598
11.538691790705926	15.337069903706785	35.260179105151195
-25.955210487976743	11.019064049647842	35.25793092775192
-52.91800218173139	9.592387709288152	21.458507879247072
-57.10679287907631	18.09224463744479	2.2810990899114794
-55.457040581960094	17.485490656389715	-0.34901969117492226
-49.83586596203537	21.108736362650017	2.2497170382746963
-53.20993906980144	25.393676884179655	-0.4280467481140323
-69.9878162314781	19.64393499143583	-0.9306838550296136
-66.69292251609417	14.125142695578662	-1.5641736115200415
-62.12968451510525	15.509364461347412	-1.5036823014138656
-66.42054729570611	21.588673516668916	9.347561960822096
-41.43041449775606	14.705371055083821	14.400401135263756
-26.234425792790827	10.545237198523067	11.317227775239916
-5.497942925363229	4.449856505479705	16.487794295221544
17.173008415617556	0.0069074282698201785	32.26148255871723
-26.171865075184602	-0.2130057860478624	16.408358961716768
-58.46132916341902	-0.2713710271686674	1.1713408752350456
-59.92427536934906	-4.220298429504427	7.846573501408854
-46.19774659509437	2.3828770922986067	17.051973907435382
-26.410411309547083	9.033482173537804	23.744813156063593
4.484073603340856	8.676313850693393	37.94369766876874
41.79609035129728	13.495831190703178	39.02158634308806
67.14056272305294	0.5663602392097066	27.30111117806683
68.3256732236686	-11.222480444474382	11.520427120998587
66.20192075270535	-10.432717957929448	9.516701482839858
60.46547012125323	-15.065471668407033	15.624335999503625
64.68740483180002	-20.417283878710126	12.626636568156318
81.49889192047196	-14.272883297727354	10.111912952086612
77.58677957757494	-10.475317262245689	8.57733031640361
73.3010991330584	-12.210815694242614	7.9890093141750835
77.75824877263328	-11.255452667287136	19.667115174816015
