  -0.003901665   -0.080872771   -0.008623863
  -0.026226483   -0.126390718    0.048237500
  -0.033978210   -0.162050248    0.131807002
   0.008590980   -0.021946436    0.072150767
  -0.047155154   -0.188814384    0.054129422
  -0.067238857    0.013990345   -0.039654929
  -0.113530153    0.106354323   -0.066657803
  -0.086524123   -0.013799956   -0.003585784
  -0.030302825   -0.137836439    0.078867787
   0.007492672   -0.060689302    0.119777575
  -0.022594065    0.187908263    0.053851787
  -0.016643939    0.237966060   -0.015310280
   0.021138780   -0.056370178   -0.106106350
   0.004045834   -0.083582888   -0.104745801
   0.020301432   -0.069595123   -0.169362408
   0.053621906   -0.090254822   -0.242767783
   0.007497558    0.000235594   -0.110496479
  -0.003095917   -0.018495171   -0.071585579
   0.002347231   -0.033091695   -0.089351321
   0.112309408    0.111335688   -0.168091714
  -0.005451860    0.084359373   -0.065041287
  -0.001988269   -0.042104437    0.077937844
  -0.039706399   -0.091524582    0.151436509
  -0.053565071   -0.106929843    0.171831766
  -0.062202682    0.017367513    0.172980779
  -0.092767245   -0.011714536    0.150118200
  -0.081678349    0.074099620    0.207581249
  -0.065288018    0.136330859    0.097879586
  -0.013910892    0.086753516    0.074303015
  -0.013328348   -0.021560778    0.125267239
  -0.012496135   -0.161986616    0.108517602
   0.056990798   -0.040423731   -0.009230022
   0.080081949    0.077165391   -0.111963268
   0.068274784    0.069872910   -0.082012057
   0.096730088   -0.016213853   -0.125947998
   0.115632030    0.009169635   -0.091486978
   0.082659643    0.129770142   -0.068657400
   0.064221650    0.116105596   -0.052491291
   0.044794152    0.082913922   -0.037983564
   0.046843765    0.094549759   -0.055521673
