56.43408927919934 -3.3186914118086013 29.31413112097468
46.910984429316116 -3.415734735358953 23.270067028586602
24.609635666892064 0.4110138491789224 23.457185300176445
-5.8902450196787415 4.1403376718024285 33.33319595907524
36.286428710460015 8.466970436468895 27.145260171926545
68.03923342889297 9.828674987365206 14.085225153227752
77.2865164267563 16.24828099157925 15.760899966463406
63.5097819955268 9.992477152977537 25.60500996230904
43.72716656877471 3.358416331925993 33.79144873006506
12.222725866938264 1.368599124707039 42.54097602957361
-23.59044391012913 -9.413586143883737 42.68538994632438
-50.21637380494849 -7.498461885887666 29.912466378891388
-55.788655137083985 7.633760050640278 17.346799481449768
-54.137398618139905 8.33720564274568 15.38909049251691
-48.946608059570906 11.19668167133942 19.462576470089292
-53.00467049371047 16.517638480468502 19.616846317840064
-68.9404135973832 9.485200113274603 16.644473492396372
-64.08372073479138 6.3022865416296945 12.183616747921887
-60.22769903453375 7.057354677570524 13.102101786008358
-64.9268357408563 5.482083505583996 25.275296010485953
-39.71262413989023 0.8129795888711209 25.89422929155995
-25.246700938719428 0.21095340436477303 20.792943721538695
-3.6994655306172493 -3.914566293660863 22.48154899603647
20.645360807855166 -8.837876880256623 34.35220150074172
-23.263324929446657 -11.244376539858875 21.815911765184943
-56.38184890687919 -7.172749625337555 7.408642158335403
-57.298923413983715 -14.485565726698404 11.734307574737057
-43.56051430049608 -11.022077068112056 21.938533555301937
-23.876376042587868 -6.770567394484065 31.398827971884067
7.497026901988564 -6.0166144174770135 43.62105290544988
42.625634825662516 6.120427217879108 45.02804969816492
69.45689018458954 1.156886074839812 31.37759720893407
72.26009290886971 -5.943467685270378 13.348235529574007
70.012471337956 -5.2251406373507665 11.667180572009988
65.51431334825786 -11.465072168357167 15.348882344277806
70.77361547279193 -15.33690214956851 11.54234661574071
84.75142941936919 -6.178736346231234 10.193447649908963
80.71996196747702 -2.7834828457861893 10.37756362913801
77.33428254655703 -5.266136539303107 9.225739218966387
81.61978831800084 -5.822217750407677 21.12757702888056
