56.43408927919934 -3.3186914118086013 29.31413112097468
46.910984429316116 -3.415734735358953 23.270067028586602
24.609635666892064 0.4110138491789224 23.457185300176445
-5.8902450196787415 4.1403376718024285 33.33319595907524
36.286428710460015 8.466970436468895 27.145260171926545
68.03923342889297 9.828674987365206 14.085225153227752
77.2865164267563 16.24828099157925 15.760899966463406
63.5097819955268 9.992477152977537 25.60500996230904
43.72716656877471 3.358416331925993 33.79144873006506
12.222725866938264 1.368599124707039 42.54097602957361
-23.59044391012913 -9.413586143883737 42.68538994632438
