-39.71262413989023 0.8129795888711209 25.89422929155995
-25.246700938719428 0.21095340436477303 20.792943721538695
-3.6994655306172493 -3.914566293660863 22.48154899603647
20.645360807855166 -8.837876880256623 34.35220150074172
-23.263324929446657 -11.244376539858875 21.815911765184943
-56.38184890687919 -7.172749625337555 7.408642158335403
-57.298923413983715 -14.485565726698404 11.734307574737057
-43.56051430049608 -11.022077068112056 21.938533555301937
-23.876376042587868 -6.770567394484065 31.398827971884067
7.497026901988564 -6.0166144174770135 43.62105290544988
42.625634825662516 6.120427217879108 45.02804969816492
