52.42795009148479	-1.8365926237367929	26.524767826000545
43.45225001011483	-2.258514875215434	20.58624937844141
22.843504048798177	4.84241190306329	18.376218387196868
-7.45340354770084	17.721991070819403	22.7660099513771
35.725551060447536	12.196381930299163	19.900004418022768
67.21359773822711	5.2730438086039495	8.318920204913754
77.36252446326375	10.263512433520301	8.338844373142834
63.10325221581996	9.162279713038725	19.234579707756936
42.626854455278156	7.804056130319652	28.78081341639598
11.538691790705926	15.337069903706785	35.260179105151195
-25.955210487976743	11.019064049647842	35.25793092775192
