17.859317010626732	-8.36167582337714	47.22510201628772
11.621554088188311	-6.228829161657888	38.06974401358344
-9.259828614122588	0.5706960429645781	33.402395363447475
-40.643984372007594	5.901882572279585	36.032571050190505
2.449565986725356	6.737126028065821	41.1983740418228
36.41141522211277	4.457763576310077	38.99281021179978
45.6221792999375	9.726957726102018	44.110992114588285
28.486112198218326	4.497509922718479	48.51569796744831
6.637174090928069	-1.088751790910527	48.93664799532317
-26.340679596105794	-0.5528737285461663	49.32162820686321
-62.03942231087427	-5.950905699182479	37.49114728930071
-82.74072515571022	0.08361377501889408	12.596455756691851
-77.54440999231703	12.215426156290242	-5.1296792649109895
-74.62523723447848	11.694986164851326	-5.693031345941934
-71.80588657227068	14.671460623209182	0.2471788313833869
-72.40909764848035	20.168185036945037	-3.15737960579094
-87.32156265423201	15.974076260805118	-12.789939593687636
-82.42652235321061	10.389430777988393	-13.36902592306805
-79.37931936781592	10.704983587431768	-10.727634016285773
-88.54364437768227	15.599549012120175	-2.694057411255684
-70.48874214343657	3.8491662093084176	16.25008578002595
-55.06444361862763	3.148769875466483	15.585108925581226
-35.73682501081087	-1.5890116814208968	24.320103333382797
-16.162804990071592	-10.81814947051927	41.99446741016869
-54.00503121053083	-8.625902010827351	16.273324958773173
-78.25136090606875	-5.066898771478931	-9.389987801582649
-82.89374521006653	-10.369037949680145	-5.007379629398011
-74.3648582817418	-6.569586773989988	9.726295459331117
-58.820198079081216	-3.692550046540226	25.883829685060004
-32.23622183220527	-7.34255974708369	47.31224143789858
2.0545870729297637	-2.0678774991981363	60.690970111663894
31.336562849922043	-6.090633409133694	54.490265298428895
39.068263744664186	-11.384965664992551	37.31034022015728
37.59149412973187	-10.081785788954141	35.22267572564359
31.03257548929585	-16.936693764684044	37.00046669259404
36.64866789799506	-21.33719598547884	34.18044164830704
52.189824784677995	-13.191205170820076	38.44167307559999
48.2535176741253	-9.377373102608258	37.4621879559479
44.67618020201377	-11.014737140231667	34.96650857933354
45.58672983427128	-13.929638387955743	47.45405822877528
