13365349376
13390695424
13451764736
13508646912
13563475968
13610221568
13653048320
13699291136
13747596288
13790287872
13847681024
13909713920
13949806592
13962868736
13970473984
13970594816
14045847552
14137028608
14223036416
14299678720
14371955712
14433794048
14486493184
14516620288
14564528128
14657854464
14761905152
14867612672
14931475456
14992107520
15037401088
15067156480
15091922944
15183098880
15268771840
15304303616
15327659008
15364840448
15440236544
15515527168
15578482688
15622203392
15742479360
15838128128
15931065344
16034629632
16168386560
16302939136
16438332416
16580202496
