   1    2    12.45963     0.04090
   1    3    21.90449     1.20674
   1    4    54.00599     0.02619
   1    5    60.16684     0.02494
   1    6    30.19340     0.03083
   1    7    21.65175     0.91832
   1    8    40.43271     0.01907
   1    9    16.94822     1.08903
   1   10    28.02051     0.04007
   1   11    57.11903     0.01936
   1   12    79.10084     0.01658
   1   13    98.91459     0.01447
   1   14   106.48860     0.00592
   1   15   106.20472     0.00655
   1   16   104.83508     0.00655
   1   17    99.10117     0.00421
   1   18   105.66774     0.00261
   1   19   119.50177     0.00577
   1   20   115.80910     0.00646
   1   21   111.67980     0.00538
   1   22   114.76127     0.00521
   1   23    89.18586     0.01337
   1   24    67.65992     0.01996
   1   25    36.61972     0.03095
   1   26    18.97284     0.03254
   1   27    51.52704     0.02232
   1   28    85.22015     0.01490
   1   29   111.72468     0.00976
   1   30    90.96409     0.01832
   1   31    62.23050     0.02331
   1   32    36.47905     0.02663
   1   33    19.54226     0.66496
   1   34    21.83728     0.46033
   1   35    28.25349     0.00517
   1   36    31.11768     0.00866
   1   37    30.52515     0.00784
   1   38    25.33963     0.00577
   1   39    31.87815     0.00688
   1   40    43.54542     0.00819
   1   41    40.43789     0.00719
   1   42    37.53078     0.00632
   1   43    35.68745     0.01264
   2    3    27.96329     2.34497
   2    4    62.39348     0.05280
   2    5    69.73066     0.05999
   2    6    37.50914     0.03667
   2    7    14.63807     4.02152
   2    8    28.16794     2.41907
   2    9    10.96814     5.32596
   2   10    38.21062     0.09052
   2   11    67.99063     0.02923
   2   12    89.65305     0.02185
   2   13   108.53971     0.01686
   2   14   115.31555     0.00899
   2   15   114.01827     0.00776
   2   16   112.45652     0.00643
   2   17   106.78649     0.00425
   2   18   113.04188     0.00240
   2   19   127.31244     0.00550
   2   20   123.49910     0.00554
   2   21   119.32723     0.00480
   2   22   123.23854     0.00811
   2   23    98.01832     0.02443
   2   24    75.96265     0.03032
   2   25    45.35241     0.05466
   2   26    30.51245     0.03998
   2   27    61.33134     0.03181
   2   28    93.79639     0.01529
   2   29   119.93578     0.00773
   2   30   100.15510     0.01960
   2   31    72.28738     0.03842
   2   32    48.06536     0.03578
   2   33    28.81454     0.40992
   2   34    15.98810     1.04146
   2   35    20.94209     0.07384
   2   36    20.16048     0.22367
   2   37    19.68502     0.65414
   2   38    16.90528     0.07564
   2   39    23.81937     0.24277
   2   40    32.37068     0.06506
   2   41    28.83537     0.07589
   2   42    26.38272     0.05824
   2   43    25.17018     0.61533
   3    4    35.04845     3.38271
   3    5    44.04817     0.52084
   3    6    14.19637     4.75697
   3    7    24.32187     0.69141
   3    8    49.42472     0.05418
   3    9    26.09280     1.16087
   3   10    18.99112     2.41664
   3   11    44.85914     0.14248
   3   12    63.94362     0.04405
   3   13    81.42632     0.02249
   3   14    88.02656     0.01017
   3   15    86.15716     0.01229
   3   16    84.57461     0.00950
   3   17    79.04996     0.00538
   3   18    85.46668     0.00296
   3   19    99.45702     0.00753
   3   20    95.57696     0.00833
   3   21    91.42118     0.00693
   3   22    95.55569     0.01019
   3   23    70.42940     0.03357
   3   24    48.15012     0.07152
   3   25    18.53156     2.44445
   3   26    16.31051     4.00620
   3   27    35.23751     0.14290
   3   28    66.22919     0.02242
   3   29    92.22787     0.00974
   3   30    72.77113     0.03002
   3   31    46.13488     0.12261
   3   32    29.35304     0.16036
   3   33    25.12625     2.16709
   3   34    35.07214     0.37176
   3   35    48.03180     0.01828
   3   36    45.06945     0.03731
   3   37    42.94683     0.02838
   3   38    40.13283     0.02923
   3   39    46.54451     0.01899
   3   40    58.00353     0.04198
   3   41    53.83398     0.04855
   3   42    50.65211     0.03283
   3   43    52.68290     0.09423
   4    5    13.08312     4.92939
   4    6    26.64573     0.85947
   4    7    57.42498     0.02003
   4    8    82.73370     0.01322
   4    9    58.72440     0.02371
   4   10    29.40152     1.24086
   4   11    22.09734     2.90286
   4   12    32.90654     0.10589
   4   13    48.49330     0.06967
   4   14    53.03378     0.00976
   4   15    52.47719     0.01310
   4   16    51.28315     0.01052
   4   17    45.25066     0.00499
   4   18    51.96949     0.00302
   4   19    65.73556     0.00805
   4   20    62.44133     0.00996
   4   21    58.21233     0.00790
   4   22    60.97088     0.00937
   4   23    35.91601     0.04988
   4   24    15.63283     5.12657
   4   25    19.75432     7.74783
   4   26    37.76548     0.32886
   4   27    15.29095     6.14269
   4   28    35.24038     0.13521
   4   29    60.65943     0.03076
   4   30    40.31216     0.19421
   4   31    15.83545     4.76435
   4   32    28.98547     1.83251
   4   33    46.06646     0.05259
   4   34    66.03875     0.01458
   4   35    81.92003     0.00811
   4   36    80.08067     0.02085
   4   37    77.88488     0.01812
   4   38    74.80131     0.01406
   4   39    80.98349     0.00946
   4   40    92.99842     0.02462
   4   41    88.76782     0.03183
   4   42    85.59825     0.02181
   4   43    87.43116     0.03718
   5    6    33.49693     1.66847
   5    7    66.08726     0.04355
   5    8    91.49055     0.02046
   5    9    65.86503     0.03695
   5   10    32.87476     1.59817
   5   11    12.53709     3.66159
   5   12    25.42050     2.32702
   5   13    44.06442     0.10801
   5   14    47.21396     0.00541
   5   15    50.55366     0.00830
   5   16    50.05948     0.00749
   5   17    43.41965     0.00417
   5   18    49.94651     0.00285
   5   19    63.20864     0.00545
   5   20    60.89549     0.00686
   5   21    56.76297     0.00587
   5   22    56.71046     0.00458
   5   23    32.31827     0.02168
   5   24    19.78237     1.80467
   5   25    28.88745     0.80363
   5   26    42.81100     0.12665
   5   27    20.06618     0.90255
   5   28    35.89428     0.15986
   5   29    59.93873     0.03093
   5   30    37.89169     0.11059
   5   31    11.19194     3.86515
   5   32    28.56491     0.91804
   5   33    48.76193     0.04089
   5   34    71.84695     0.01550
   5   35    88.31186     0.00520
   5   36    88.50641     0.02161
   5   37    86.67303     0.01814
   5   38    82.96905     0.00962
   5   39    89.28517     0.00858
   5   40   101.41458     0.02286
   5   41    97.38829     0.03197
   5   42    94.35128     0.01805
   5   43    94.81321     0.03131
   6    7    32.79735     0.20630
   6    8    58.11995     0.03040
   6    9    32.59591     0.02784
   6   10    11.46061     7.78967
   6   11    34.96850     1.97196
   6   12    56.33377     0.06827
   6   13    74.66058     0.03295
   6   14    78.61225     0.00573
   6   15    78.42612     0.00805
   6   16    77.11612     0.01022
   6   17    70.79562     0.00606
   6   18    76.84925     0.00334
   6   19    91.63553     0.00707
   6   20    88.45759     0.01015
   6   21    84.13833     0.00867
   6   22    87.04761     0.00511
   6   23    62.41097     0.02058
   6   24    41.77291     0.06688
   6   25    17.42352     3.26094
   6   26    19.68731     2.45215
   6   27    31.09003     0.27575
   6   28    61.15839     0.03000
   6   29    86.93118     0.01237
   6   30    66.61167     0.05329
   6   31    38.38644     0.17680
   6   32    22.82337     0.39113
   6   33    22.67350     0.35555
   6   34    39.43647     0.01276
   6   35    57.34039     0.00628
   6   36    56.39898     0.02875
   6   37    54.71016     0.03084
   6   38    52.05246     0.01677
   6   39    58.78854     0.01543
   6   40    68.93419     0.02225
   6   41    64.75583     0.05474
   6   42    62.13267     0.03375
   6   43    62.45062     0.06827
   7    8    25.52418     3.52607
   7    9     9.24640     4.09162
   7   10    37.80452     1.05465
   7   11    66.92832     0.10932
   7   12    87.73202     0.02042
   7   13   104.98339     0.00962
   7   14   109.69359     0.00724
   7   15   107.31746     0.00526
   7   16   105.58191     0.00447
   7   17    99.86202     0.00410
   7   18   105.55582     0.00238
   7   19   120.46470     0.00367
   7   20   116.72383     0.00400
   7   21   112.47624     0.00372
   7   22   117.19664     0.00537
   7   23    92.92014     0.01233
   7   24    70.87323     0.01156
   7   25    42.79252     0.04170
   7   26    33.91256     0.84239
   7   27    59.49588     0.03284
   7   28    89.30466     0.00818
   7   29   114.62122     0.00437
   7   30    96.16868     0.01034
   7   31    69.74455     0.02983
   7   32    49.68758     0.09046
   7   33    32.00897     0.75824
   7   34    18.63224     1.85695
   7   35    33.52076     0.09006
   7   36    27.29621     0.14907
   7   37    25.65125     0.08142
   7   38    26.97952     0.23394
   7   39    33.39964     0.04475
   7   40    38.32698     0.08807
   7   41    33.70766     1.41326
   7   42    31.95857     0.48760
   7   43    33.70307     0.86086
   8    9    27.72434     6.48556
   8   10    62.45504     0.10367
   8   11    92.09839     0.04858
   8   12   113.15278     0.01900
   8   13   130.11411     0.00882
   8   14   134.58812     0.00467
   8   15   131.54297     0.00402
   8   16   129.67011     0.00326
   8   17   124.11152     0.00307
   8   18   129.47811     0.00190
   8   19   144.53855     0.00258
   8   20   140.69809     0.00309
   8   21   136.48187     0.00293
   8   22   141.81491     0.00389
   8   23   117.94555     0.00865
   8   24    95.81657     0.00901
   8   25    67.87729     0.02912
   8   26    57.23681     0.03339
   8   27    84.60239     0.02872
   8   28   113.89588     0.00753
   8   29   138.73268     0.00397
   8   30   121.11990     0.00938
   8   31    95.19771     0.02376
   8   32    73.93756     0.04953
   8   33    53.08860     0.05673
   8   34    28.06245     2.57878
   8   35    30.79077     1.19777
   8   36    20.51401     1.83527
   8   37    20.71148     2.28146
   8   38    28.04315     0.92469
   8   39    30.42265     0.12084
   8   40    21.81301     1.01674
   8   41    17.74415     1.17059
   8   42    19.90252     2.48512
   8   43    22.17569     1.69465
   9   10    35.27251     1.42132
   9   11    65.23362     0.06934
   9   12    87.73816     0.02498
   9   13   106.39808     0.01476
   9   14   111.04584     0.00735
   9   15   109.96617     0.00578
   9   16   108.42488     0.00501
   9   17   102.36758     0.00405
   9   18   108.16521     0.00232
   9   19   123.17436     0.00419
   9   20   119.70149     0.00447
   9   21   115.40558     0.00405
   9   22   119.19597     0.00590
   9   23    94.60296     0.01733
   9   24    73.03374     0.01627
   9   25    44.05304     0.04357
   9   26    31.38577     1.54842
   9   27    60.29644     0.03580
   9   28    91.79865     0.01196
   9   29   117.63174     0.00610
   9   30    98.02325     0.01513
   9   31    69.95876     0.03432
   9   32    46.74802     0.14042
   9   33    25.71283     2.11213
   9   34    10.32710     6.21151
   9   35    29.15552     0.05573
   9   36    27.70530     0.59494
   9   37    27.15764     0.22017
   9   38    26.82020     0.08063
   9   39    33.55703     0.12044
   9   40    38.52751     0.08151
   9   41    34.50595     0.24189
   9   42    33.11266     0.16127
   9   43    31.43450     0.24857
  10   11    30.11730     3.31494
  10   12    53.74016     0.06232
  10   13    74.28904     0.06568
  10   14    79.90741     0.00641
  10   15    81.43115     0.00955
  10   16    80.41806     0.00819
  10   17    74.09727     0.00445
  10   18    80.56888     0.00274
  10   19    94.55621     0.00673
  10   20    91.53086     0.00790
  10   21    87.32518     0.00646
  10   22    88.94455     0.00630
  10   23    63.74844     0.03912
  10   24    44.20468     0.12210
  10   25    18.69433     2.10688
  10   26    13.21308     7.00527
  10   27    29.60942     1.27490
  10   28    62.59505     0.08014
  10   29    88.88952     0.03127
  10   30    67.02618     0.08577
  10   31    36.73065     0.35899
  10   32    12.80164     5.32076
  10   33    17.03020     1.59064
  10   34    40.53619     0.08622
  10   35    55.85967     0.00476
  10   36    57.83819     0.01667
  10   37    56.60016     0.01584
  10   38    52.39404     0.00857
  10   39    58.96400     0.01006
  10   40    70.48907     0.01604
  10   41    66.81933     0.01930
  10   42    64.01863     0.01394
  10   43    62.89217     0.01976
  11   12    26.38371     5.59156
  11   13    48.77791     0.29152
  11   14    54.58355     0.00619
  11   15    59.85416     0.01279
  11   16    59.67651     0.01197
  11   17    53.42699     0.00593
  11   18    60.10625     0.00407
  11   19    71.99454     0.00793
  11   20    69.84800     0.01189
  11   21    65.98980     0.00960
  11   22    64.50454     0.00555
  11   23    40.47777     0.03578
  11   24    29.44253     0.13086
  11   25    30.28874     1.82678
  11   26    38.98915     0.10528
  11   27    21.38951     2.07475
  11   28    43.12346     0.09853
  11   29    67.25599     0.05576
  11   30    43.91388     0.14116
  11   31    14.91728     3.99046
  11   32    21.54579     1.14711
  11   33    44.64308     0.04443
  11   34    70.22637     0.02677
  11   35    84.83289     0.00320
  11   36    87.13448     0.00969
  11   37    85.66768     0.00942
  11   38    80.96116     0.00545
  11   39    87.12791     0.00517
  11   40   100.02135     0.00993
  11   41    96.39138     0.01224
  11   42    93.28250     0.00888
  11   43    92.58519     0.01063
  12   13    23.43756     3.65361
  12   14    35.77110     0.02861
  12   15    41.26218     0.05453
  12   16    41.63238     0.04473
  12   17    37.69545     0.02119
  12   18    44.85117     0.01326
  12   19    51.90282     0.02004
  12   20    49.52278     0.06520
  12   21    46.52266     0.04885
  12   22    43.90568     0.01020
  12   23    22.06559     0.82375
  12   24    25.33772     2.61848
  12   25    45.91033     0.08065
  12   26    60.31851     0.06664
  12   27    29.78655     0.49828
  12   28    24.45384     2.22838
  12   29    44.11668     0.08462
  12   30    20.94338     0.28456
  12   31    18.10433     0.87416
  12   32    45.29074     0.06129
  12   33    69.65182     0.02987
  12   34    94.08924     0.01740
  12   35   106.86751     0.00343
  12   36   107.39079     0.00821
  12   37   105.40493     0.00827
  12   38   100.72219     0.00552
  12   39   106.35490     0.00429
  12   40   120.55686     0.00934
  12   41   116.81733     0.01122
  12   42   113.22154     0.00834
  12   43   114.33547     0.00993
  13   14    23.23153     0.05730
  13   15    25.44062     0.65842
  13   16    26.40832     1.24907
  13   17    26.89622     1.17094
  13   18    32.71374     0.03389
  13   19    32.76956     0.02574
  13   20    30.06758     0.40933
  13   21    28.48678     1.16342
  13   22    25.85271     0.03223
  13   23    16.96524     2.51975
  13   24    34.86905     0.11457
  13   25    63.30456     0.03985
  13   26    80.61496     0.05115
  13   27    47.56713     0.05406
  13   28    19.30135     0.61005
  13   29    22.49162     1.88343
  13   30     9.93993     2.87038
  13   31    37.62847     0.19892
  13   32    67.35911     0.06646
  13   33    90.89637     0.03279
  13   34   113.65064     0.01415
  13   35   126.61691     0.00593
  13   36   125.22948     0.00732
  13   37   122.84266     0.00640
  13   38   118.80862     0.00552
  13   39   124.20320     0.00366
  13   40   138.35314     0.00759
  13   41   134.38050     0.00843
  13   42   130.65894     0.00661
  13   43   133.20919     0.00886
  14   15    15.98569     2.25579
  14   16    18.47698     5.19268
  14   17    16.53654     1.98148
  14   18    17.39534     3.51964
  14   19    20.95583     1.18832
  14   20    22.54916     1.16780
  14   21    20.26463     0.58265
  14   22    11.52409     0.64467
  14   23    19.51118     0.06234
  14   24    41.67893     0.03020
  14   25    71.64968     0.00964
  14   26    89.04750     0.00689
  14   27    58.31383     0.01037
  14   28    32.93858     0.22122
  14   29    30.24997     0.56534
  14   30    26.58985     0.86998
  14   31    46.15810     0.01004
  14   32    74.88126     0.00573
  14   33    95.81239     0.00535
  14   34   117.63288     0.00557
  14   35   134.59932     0.00283
  14   36   133.00304     0.00506
  14   37   130.70852     0.00499
  14   38   127.62711     0.00450
  14   39   133.63671     0.00382
  14   40   145.88454     0.00567
  14   41   141.58152     0.00573
  14   42   138.40868     0.00532
  14   43   140.37598     0.00625
  15   16     2.92529     0.61167
  15   17     8.51338     0.05614
  15   18     9.37578     1.50101
  15   19    13.35647     0.02633
  15   20    10.73779     0.02832
  15   21     6.48768     0.02637
  15   22    12.67747     2.07337
  15   23    19.99984     0.56747
  15   24    39.02557     0.03360
  15   25    70.25328     0.01652
  15   26    89.57004     0.01218
  15   27    58.04296     0.02165
  15   28    27.77199     0.38693
  15   29    20.78134     1.11143
  15   30    24.99351     0.55704
  15   31    48.48554     0.02095
  15   32    77.97218     0.01072
  15   33    97.90977     0.00706
  15   34   117.52760     0.00483
  15   35   133.84029     0.00512
  15   36   130.37694     0.00606
  15   37   127.75060     0.00564
  15   38   125.27945     0.00651
  15   39   131.01072     0.00456
  15   40   143.07899     0.00572
  15   41   138.63203     0.00602
  15   42   135.35549     0.00569
  15   43   138.68664     0.00691
  16   17     7.97179     1.57110
  16   18     9.59577     0.73807
  16   19    15.07930     1.59059
  16   20    11.57476     0.49830
  16   21     7.11259     0.14612
  16   22    15.52552     0.03772
  16   23    20.04423     0.44948
  16   24    37.70577     0.01487
  16   25    68.85064     0.01121
  16   26    88.40250     0.00926
  16   27    56.99030     0.01197
  16   28    26.70320     0.12770
  16   29    20.75425     0.45528
  16   30    24.91963     0.39137
  16   31    47.94939     0.01410
  16   32    77.29264     0.00988
  16   33    96.92886     0.00726
  16   34   116.12332     0.00381
  16   35   132.34883     0.00303
  16   36   128.59888     0.00478
  16   37   125.92858     0.00513
  16   38   123.56927     0.00564
  16   39   129.26232     0.00433
  16   40   141.25492     0.00493
  16   41   136.78760     0.00530
  16   42   133.50740     0.00519
  16   43   137.03046     0.00677
  17   18     7.97694     5.60058
  17   19    21.03822     0.97804
  17   20    19.01922     2.42469
  17   21    14.58326     0.33449
  17   22    18.65802     0.02028
  17   23    15.78433     0.05414
  17   24    32.84484     0.00598
  17   25    63.61968     0.00508
  17   26    82.73861     0.00445
  17   27    52.22423     0.00481
  17   28    25.73513     0.03202
  17   29    27.18808     1.10503
  17   30    24.29192     0.04980
  17   31    42.53690     0.00543
  17   32    71.21626     0.00477
  17   33    90.37112     0.00412
  17   34   109.75884     0.00295
  17   35   126.75650     0.00192
  17   36   123.43350     0.00347
  17   37   120.87650     0.00394
  17   38   118.52899     0.00379
  17   39   124.41542     0.00339
  17   40   136.09100     0.00380
  17   41   131.61055     0.00424
  17   42   128.45764     0.00417
  17   43   131.50610     0.00485
  18   19    17.10391     2.22807
  18   20    16.97724     0.48587
  18   21    13.14231     1.11545
  18   22    16.94065     2.35228
  18   23    23.29748     0.01496
  18   24    40.30639     0.00360
  18   25    70.63319     0.00305
  18   26    89.64787     0.00278
  18   27    59.80500     0.00324
  18   28    33.40461     0.01005
  18   29    29.95417     0.64679
  18   30    31.52775     0.01637
  18   31    49.94335     0.00381
  18   32    78.09039     0.00319
  18   33    96.53933     0.00248
  18   34   115.41844     0.00177
  18   35   133.21417     0.00134
  18   36   129.67425     0.00218
  18   37   127.11202     0.00249
  18   38   125.05670     0.00255
  18   39   131.01077     0.00250
  18   40   142.19091     0.00231
  18   41   137.63615     0.00253
  18   42   134.61391     0.00261
  18   43   137.67025     0.00274
  19   20     6.54439     4.09880
  19   21     8.87325     3.85813
  19   22    10.44768     0.75335
  19   23    32.16130     0.04302
  19   24    52.25682     0.01320
  19   25    83.52642     0.01009
  19   26   102.77590     0.00861
  19   27    70.99186     0.01244
  19   28    39.33959     0.10702
  19   29    22.69325     1.27987
  19   30    35.30104     0.10078
  19   31    61.10005     0.01178
  19   32    90.77594     0.00791
  19   33   110.96306     0.00546
  19   34   130.67975     0.00326
  19   35   147.14429     0.00281
  19   36   143.59442     0.00387
  19   37   140.93779     0.00413
  19   38   138.51874     0.00458
  19   39   144.20901     0.00354
  19   40   156.26061     0.00393
  19   41   151.79430     0.00424
  19   42   148.52162     0.00424
  19   43   151.95502     0.00560
  20   21     4.51141    10.24395
  20   22    13.23061     1.63063
  20   23    29.48399     0.17401
  20   24    48.34693     0.01495
  20   25    79.57311     0.01211
  20   26    99.18574     0.01080
  20   27    67.10947     0.01792
  20   28    34.50529     0.97665
  20   29    17.41920     0.04473
  20   30    31.39851     2.09640
  20   31    58.06621     0.01882
  20   32    87.90187     0.01113
  20   33   108.14046     0.00623
  20   34   127.50178     0.00330
  20   35   143.27009     0.00287
  20   36   139.36394     0.00427
  20   37   136.63059     0.00468
  20   38   134.21303     0.00500
  20   39   139.76341     0.00373
  20   40   152.01957     0.00450
  20   41   147.57287     0.00496
  20   42   144.20613     0.00477
  20   43   147.99095     0.00637
  21   22    12.95110     3.07701
  21   23    25.79787     0.04861
  21   24    44.33947     0.01071
  21   25    75.55257     0.00904
  21   26    95.14444     0.00803
  21   27    63.34123     0.01146
  21   28    31.52795     0.16492
  21   29    18.34840     0.11645
  21   30    28.84588     1.34545
  21   31    54.26127     0.01225
  21   32    83.91233     0.00853
  21   33   103.88344     0.00542
  21   34   123.15685     0.00303
  21   35   139.16363     0.00249
  21   36   135.30834     0.00380
  21   37   132.59970     0.00419
  21   38   130.22267     0.00432
  21   39   135.83626     0.00341
  21   40   147.95791     0.00405
  21   41   143.49749     0.00447
  21   42   140.17334     0.00431
  21   43   143.85236     0.00552
  22   23    26.00045     0.04289
  22   24    48.05503     0.03529
  22   25    79.08090     0.01293
  22   26    97.46051     0.00822
  22   27    65.69525     0.01383
  22   28    35.77108     0.08122
  22   29    23.83277     1.17292
  22   30    29.89409     0.02912
  22   31    54.62990     0.01039
  22   32    84.21861     0.00572
  22   33   105.21388     0.00491
  22   34   126.27730     0.00538
  22   35   142.71995     0.00550
  22   36   140.24036     0.00493
  22   37   137.75750     0.00444
  22   38   134.88147     0.00469
  22   39   140.69625     0.00337
  22   40   153.08215     0.00502
  22   41   148.72126     0.00520
  22   42   145.43921     0.00490
  22   43   148.15293     0.00567
  23   24    22.88176     2.04615
  23   25    53.41747     0.04862
  23   26    71.67246     0.04230
  23   27    39.75797     0.06759
  23   28    15.56067     3.73147
  23   29    28.99278     1.01759
  23   30    12.29207     3.07886
  23   31    29.02203     0.17470
  23   32    58.95682     0.03142
  23   33    80.35651     0.02479
  23   34   101.81222     0.01407
  23   35   117.16433     0.00563
  23   36   115.14580     0.00952
  23   37   112.75101     0.00807
  23   38   109.48117     0.00643
  23   39   115.28593     0.00442
  23   40   128.12532     0.01032
  23   41   123.89585     0.01148
  23   42   120.50519     0.00843
  23   43   122.96402     0.01252
  24   25    31.34493     3.85631
  24   26    50.93644     0.22506
  24   27    20.12478     4.59356
  24   28    19.83141     3.28520
  24   29    45.21119     0.03651
  24   30    25.82568     0.98345
  24   31    15.80685     4.47691
  24   32    41.62323     0.13146
  24   33    61.13313     0.04041
  24   34    80.89169     0.01346
  24   35    95.29779     0.00911
  24   36    92.54657     0.01187
  24   37    90.06713     0.01006
  24   38    86.94978     0.00955
  24   39    92.70746     0.00570
  24   40   105.50758     0.01237
  24   41   101.27156     0.01346
  24   42    97.81541     0.01049
  24   43   100.70851     0.01710
  25   26    20.80730     4.30228
  25   27    16.75934     5.19095
  25   28    48.71640     0.05937
  25   29    75.16491     0.01988
  25   30    54.83239     0.07492
  25   31    28.46549     0.46504
  25   32    21.50749     2.90304
  25   33    34.02562     0.08644
  25   34    52.14356     0.03577
  25   35    64.10991     0.00895
  25   36    62.26570     0.01374
  25   37    60.06098     0.01204
  25   38    56.24078     0.00993
  25   39    62.15487     0.00708
  25   40    75.40115     0.01514
  25   41    71.43145     0.01641
  25   42    67.88665     0.01201
  25   43    70.03687     0.01959
  26   27    33.50547     1.53662
  26   28    67.97048     0.07456
  26   29    94.62498     0.03346
  26   30    73.05655     0.10224
  26   31    43.86792     0.24675
  26   32    18.70871     5.27148
  26   33    17.84700     2.45722
  26   34    37.31416     1.00854
  26   35    46.64341     0.00470
  26   36    48.85087     0.00843
  26   37    47.59801     0.00783
  26   38    42.22184     0.00545
  26   39    48.33106     0.00584
  26   40    61.74507     0.00812
  26   41    58.43900     0.00820
  26   42    55.11356     0.00673
  26   43    54.49494     0.01080
  27   28    34.75894     2.49811
  27   29    61.39134     0.07083
  27   30    39.68558     0.34100
  27   31    13.97790     3.87475
  27   32    24.88888     2.86873
  27   33    46.23574     0.06841
  27   34    67.76908     0.02934
  27   35    79.09695     0.00621
  27   36    78.21401     0.00992
  27   37    76.04920     0.00867
  27   38    71.63463     0.00660
  27   39    77.23138     0.00482
  27   40    91.39766     0.00979
  27   41    87.59695     0.01071
  27   42    83.88559     0.00786
  27   43    85.85368     0.01174
  28   29    26.68461     2.64025
  28   30     9.50592     7.11282
  28   31    28.76348     0.78187
  28   32    57.95017     0.08696
  28   33    79.60583     0.03251
  28   34    99.91247     0.01169
  28   35   112.46537     0.00726
  28   36   109.43547     0.00695
  28   37   106.79568     0.00594
  28   38   103.35741     0.00559
  28   39   108.62119     0.00344
  28   40   122.40538     0.00655
  28   41   118.29320     0.00686
  28   42   114.53561     0.00554
  28   43   118.13408     0.00763
  29   30    23.71100     4.48880
  29   31    54.08106     0.10458
  29   32    84.06720     0.05649
  29   33   105.87825     0.01842
  29   34   125.86829     0.00654
  29   35   138.79934     0.00698
  29   36   135.03213     0.00433
  29   37   132.23281     0.00359
  29   38   129.14844     0.00375
  29   39   134.22921     0.00236
  29   40   147.83426     0.00374
  29   41   143.63306     0.00382
  29   42   139.87349     0.00328
  29   43   144.08680     0.00437
  30   31    31.02719     4.60940
  30   32    61.08971     0.10423
  30   33    83.89408     0.03506
  30   34   105.64431     0.01310
  30   35   118.55443     0.00610
  30   36   116.47417     0.00819
  30   37   113.98524     0.00712
  30   38   110.21678     0.00595
  30   39   115.59069     0.00378
  30   40   129.54581     0.00821
  30   41   125.50256     0.00901
  30   42   121.77833     0.00677
  30   43   124.74324     0.01041
  31   32    30.32729     3.40540
  31   33    53.29191     0.05560
  31   34    76.61157     0.02252
  31   35    90.27410     0.00489
  31   36    90.19600     0.01148
  31   37    88.18807     0.01013
  31   38    83.92447     0.00657
  31   39    89.80866     0.00514
  31   40   103.32851     0.01264
  31   41    99.45040     0.01494
  31   42    95.99607     0.01022
  31   43    97.19376     0.01540
  32   33    25.33222     4.97566
  32   34    51.32535     0.15806
  32   35    63.68593     0.00325
  32   36    67.16717     0.00880
  32   37    66.03638     0.00853
  32   38    60.74243     0.00525
  32   39    66.85344     0.00538
  32   40    79.88759     0.00793
  32   41    76.57708     0.00885
  32   42    73.47648     0.00714
  32   43    72.01092     0.00939
  33   34    27.27111     4.11324
  33   35    43.46704     0.00417
  33   36    48.67224     0.01653
  33   37    48.42587     0.01520
  33   38    44.17869     0.00872
  33   39    50.77895     0.01335
  33   40    60.16211     0.01162
  33   41    57.00238     0.01227
  33   42    54.94711     0.01031
  33   43    51.03494     0.01257
  34   35    26.68998     0.19679
  34   36    29.46928     0.68129
  34   37    30.20804     0.81913
  34   38    29.94334     0.06907
  34   39    36.00831     0.32120
  34   40    37.99558     0.09767
  34   41    34.74978     0.37440
  34   42    34.48007     0.24905
  34   43    29.14601     0.04895
  35   36    16.27807     0.66100
  35   37    19.25058     1.32703
  35   38    15.65929     0.72591
  35   39    17.23625     0.65616
  35   40    21.71998     0.46743
  35   41    21.51855     0.31598
  35   42    20.39062     0.47502
  35   43    11.81725     0.09771
  36   37     3.73807     7.87489
  36   38     8.95737     0.81147
  36   39    10.05395     1.47370
  36   40    13.21894     0.92864
  36   41     9.98692     0.35641
  36   42     6.46253     1.30829
  36   43    11.71006     0.06578
  37   38     8.56961     1.41559
  37   39    10.37837     1.12185
  37   40    15.67779     2.63378
  37   41    11.96612     2.07641
  37   42     7.86278     1.20394
  37   43    15.39274     1.00716
  38   39     7.00625     3.33092
  38   40    20.96323     1.64772
  38   41    18.60629     0.58842
  38   42    14.42624     0.08705
  38   43    17.54126     0.55013
  39   40    18.01565     1.80778
  39   41    16.99848     0.86698
  39   42    12.62323     0.43338
  39   43    17.35352     3.09469
  40   41     4.99959     6.01665
  40   42     8.13201     2.91893
  40   43    11.24522     3.00836
  41   42     4.91658    10.09784
  41   43    11.30079     7.26764
  42   43    12.48039     5.19522
