 3  9  26.09  27.23   1.16   0.11
 3 26  16.31  17.02   4.01   0.67
 4 11  22.10  20.25   2.90   0.01
 4 31  15.84  15.41   4.76   0.09
 5 10  32.87  33.06   1.60   0.01
 5 12  25.42  25.20   2.33   0.00
 6 11  34.97  34.24   1.97   0.01
10 11  30.12  30.24   3.31   0.16
10 27  29.61  30.03   1.27   0.03
10 33  17.03  17.37   1.59   0.12
11 25  30.29  29.86   1.83   0.05
12 23  22.07  19.67   0.82   4.20
13 17  26.90  27.62   1.17   0.07
14 19  20.96  20.89   1.19   0.15
15 16   2.93   2.94   0.61   7.10
15 20  10.74  10.64   0.03   1.96
15 21   6.49   6.36   0.03   1.25
15 22  12.68  11.79   2.07   0.17
15 29  20.78  20.67   1.11   0.19
16 20  11.57  11.62   0.50   3.42
16 22  15.53  14.70   0.04   3.23
17 20  19.02  19.18   2.42   0.09
19 29  22.69  23.34   1.28   0.12
23 29  28.99  30.13   1.02   0.02
23 31  29.02  27.27   0.17   2.04
26 32  18.71  18.91   5.27   0.82
26 34  37.31  37.37   1.01   0.05
35 37  19.25  18.75   1.33   0.26
